tree
version=v4
num_class=1
num_tree_per_iteration=1
label_index=0
max_feature_idx=47
objective=regression
feature_names=Column_0 Column_1 Column_2 Column_3 Column_4 Column_5 Column_6 Column_7 Column_8 Column_9 Column_10 Column_11 Column_12 Column_13 Column_14 Column_15 Column_16 Column_17 Column_18 Column_19 Column_20 Column_21 Column_22 Column_23 Column_24 Column_25 Column_26 Column_27 Column_28 Column_29 Column_30 Column_31 Column_32 Column_33 Column_34 Column_35 Column_36 Column_37 Column_38 Column_39 Column_40 Column_41 Column_42 Column_43 Column_44 Column_45 Column_46 Column_47
feature_infos=[0.22412499999999999:0.87145833333333333] [4.1651666666666669:9.0553333333333317] [0.71083333333333332:0.97224999999999995] [0.68679166666666669:0.81541666666666668] [586.11250000000007:726.67916666666667] [2.9161666666666668:4.3062916666666666] [0.15195833333333331:0.40699999999999997] [0.093458333333333296:0.26729166666666659] [0.11175:0.33620833333333339] [0.25587500000000002:0.47899999999999998] [6.1583333333333341:10.262499999999999] [2014:2022] [1:12] [1:31] [0:6] [1:366] [78:247] [68:247] [67:247] [55:247] [87:207.85714285714286] [3.2513733362133173:26.409774525281236] [68:197] [111:247] [84.571428571428569:202.21428571428572] [5.8201053576059394:22.412834823715951] [67:188] [112:247] [76.5:199.10714285714286] [7.9834484864285979:19.336069866537002] [55:179] [112:247] [11670.5:42673.300000000003] [10768:42673.300000000003] [10768:42673.300000000003] [8408.2999999999993:42673.300000000003] [14194.571428571429:33985.099999999999] [457.93443853946388:4902.1459225236003] [10768:32707.900000000001] [17961.900000000001:42673.300000000003] [13711.678571428571:33478.750000000007] [695.898598500866:3689.6466656900134] [10768:30752.200000000001] [17961.900000000001:42673.300000000003] [12254.514285714287:32898.932142857142] [1013.3944368794588:3363.4574495874308] [8408.2999999999993:29197.5] [17961.900000000001:42673.300000000003]
tree_sizes=2617 2698 2702 2713 2725

Tree=0
num_leaves=31
num_cat=0
split_feature=24 15 28 15 46 4 19 10 34 5 4 5 5 41 3 29 20 22 38 23 17 20 9 34 10 1 19 26 29 21
split_gain=298202 15927.3 8657.9 2752.19 1843.02 1746.5 2405.34 1986.07 1914.59 1677.53 1652.11 1657.89 2102.35 1620.12 1996.67 1610.94 2456.6 1577.46 1772.95 1546.13 1994.73 1741.14 1542.82 1528.88 1449.55 1415.33 1327.94 2545.98 2409.69 1950.96
threshold=160.10714285714286 78.500000000000014 176.32142857142858 114.50000000000001 27275.000000000004 693.22500000000002 181.50000000000003 8.1187500000000021 32309.600000000002 3.5731458333333337 704.57916666666677 3.6653333333333342 3.8220208333333336 2045.0834771764337 0.73006250000000017 11.839619389240793 188.07142857142858 182.50000000000003 29703.350000000002 196.50000000000003 203.50000000000003 194.35714285714286 0.33637500000000004 31688.600000000002 8.4520833333333361 7.9643750000000013 201.50000000000003 164.50000000000003 15.900712913512828 16.790019471728133
decision_type=2 2 2 2 2 2 2 2 2 2 2 2 2 2 2 2 2 2 2 2 2 2 2 2 2 2 2 2 2 2
left_child=1 -1 -2 -3 10 6 -6 -8 9 -7 11 17 13 24 23 16 -14 18 19 -4 -21 -22 -18 -15 -13 -19 27 28 -17 -28
right_child=2 3 4 -5 5 8 7 -9 -10 -11 -12 12 15 14 -16 26 22 25 -20 20 21 -23 -24 -25 -26 -27 29 -29 -30 -31
leaf_value=185.97157572454574 188.92959551423593 186.9988905464248 190.23254325265782 187.73477020077934 189.95048996078546 189.43458086747185 189.16871634211697 189.67122859699245 190.05159718239108 189.98685359739292 189.4985882909603 189.64467802296514 190.43566310702505 189.75099833331743 190.12435359713214 189.97920053274623 190.13685359542029 189.8106631211102 190.34994882620686 189.79730251099943 189.82770725361075 190.27355571666345 189.79613032665091 189.30503541505996 189.33048104405489 189.32272316167737 189.94113536391788 189.67222076707822 189.49411166114956 189.51185359735447
leaf_weight=36 31 27 29 24 22 44 51 32 39 20 49 131 21 152 32 147 42 42 21 323 41 47 159 22 51 23 181 463 31 31
leaf_count=36 31 27 29 24 22 44 51 32 39 20 49 131 21 152 32 147 42 42 21 323 41 47 159 22 51 23 181 463 31 31
internal_value=189.65 186.777 189.759 187.345 189.771 189.629 189.486 189.362 189.775 189.607 189.785 189.792 189.765 189.665 189.761 189.801 189.921 189.869 189.901 189.88 189.855 190.066 189.867 189.695 189.557 189.638 189.77 189.734 189.895 189.878
internal_weight=2364 87 2277 51 2246 208 105 83 103 64 2038 1989 1463 388 206 1075 222 526 461 440 411 88 201 174 182 65 853 641 178 212
internal_count=2364 87 2277 51 2246 208 105 83 103 64 2038 1989 1463 388 206 1075 222 526 461 440 411 88 201 174 182 65 853 641 178 212
is_linear=0
shrinkage=1


Tree=1
num_leaves=31
num_cat=0
split_feature=24 2 24 15 44 37 35 46 36 17 29 20 9 4 4 10 4 10 21 41 10 42 42 32 6 24 22 4 38 19
split_gain=269127 14736.6 7148.47 3866.66 1921.23 3259.76 1448.83 1390.03 1641.18 2550.33 1699.62 1652.35 1563.25 1549.58 1847.95 1315.61 1221.47 2268.04 2128.52 1633.53 1218.89 1796.82 1716.22 1994.12 1969.26 1418.97 1290.17 1631.54 1364.09 1271.27
threshold=160.10714285714286 0.77641666666666687 178.17857142857144 114.50000000000001 32212.558928571434 2205.1473588228009 31367.450000000004 27275.000000000004 31663.63571428572 206.50000000000003 16.067606308185674 182.21428571428575 0.38797916666666665 690.51875000000007 696.86458333333337 8.1479166666666689 693.22500000000002 8.2770833333333353 14.743036544633599 2069.1225991321548 8.0687500000000014 27081.650000000005 26560.450000000004 22102.200000000004 0.23552083333333332 194.03571428571431 173.50000000000003 675.27083333333337 21724.450000000004 166.50000000000003
decision_type=2 2 2 2 2 2 2 2 2 2 2 2 2 2 2 2 2 2 2 2 2 2 2 2 2 2 2 2 2 2
left_child=1 -1 -2 -3 7 -6 -7 8 10 13 11 15 -12 -10 -15 -4 17 -9 19 -18 21 29 23 24 -22 -25 -27 28 -28 -13
right_child=2 3 4 -5 5 6 -8 16 9 -11 12 20 -14 14 -16 -17 18 -19 -20 -21 22 -23 -24 25 -26 26 27 -29 -30 -31
leaf_value=-3.7486879653930667 -0.68432757436696978 -2.6244772760491624 0.17447929578711807 -1.8138218800226849 -0.61067290653785067 0.41432783021813346 -0.14902236843109132 -0.29507556050084532 0.42751544555244242 0.66767306055341447 0.051473865569648093 -0.20111068308353428 -0.33331733170677635 -0.25837292280690421 0.2227633405593224 0.71531394340775234 0.066295912762482964 0.2665289202928543 -0.23145083961663426 0.61972758335371814 0.014209334126540595 -0.082702518650330611 0.2923166472255514 0.072018007372335519 0.40954474268688101 0.11083921842715319 -0.30368107633619773 -0.51612496196196 0.080401683865853085 0.20256204114060938
leaf_weight=25 28 38 23 24 24 21 25 64 46 35 118 20 34 29 64 22 30 25 27 24 56 64 89 377 72 51 41 29 53 786
leaf_count=25 28 38 23 24 24 21 25 64 46 35 118 20 34 29 64 22 30 25 27 24 56 64 89 377 72 51 41 29 53 786
internal_value=0.0053739 -2.7239 0.109654 -2.31068 0.119539 -0.138297 0.108159 0.127822 0.139439 0.286197 0.125523 0.139985 -0.0345978 0.190142 0.0727316 0.438887 -0.00946145 -0.137321 0.131027 0.312266 0.131773 0.172297 0.0858665 0.058806 0.236586 0.017507 -0.1006 -0.18827 -0.0871238 0.192545
internal_weight=2364 87 2277 62 2249 70 46 2179 2009 174 1835 1683 152 139 93 45 170 89 81 54 1638 870 768 679 128 551 174 123 94 806
internal_count=2364 87 2277 62 2249 70 46 2179 2009 174 1835 1683 152 139 93 45 170 89 81 54 1638 870 768 679 128 551 174 123 94 806
is_linear=0
shrinkage=0.05


Tree=2
num_leaves=31
num_cat=0
split_feature=24 15 28 15 14 44 37 38 46 3 35 7 40 29 37 46 34 3 15 1 24 33 4 9 35 35 10 10 25 15
split_gain=242887 13671 7112.8 4077.86 1852.51 1748.05 2941.94 1335.6 2084.51 1737.51 1512.16 1745.69 1482.85 1779.5 1723.22 1638.41 1684.63 1655.95 1602.8 1414.61 1321.29 1916.13 1712.76 2013.13 1308.53 1307.57 1299.64 1565.81 1453.77 1256.42
threshold=160.10714285714286 58.500000000000007 176.32142857142858 114.50000000000001 3.5000000000000004 32212.558928571434 2205.1473588228009 29205.650000000005 27110.250000000004 0.7383333333333334 31028.350000000002 0.18306249999999999 25149.025000000005 11.783176734165098 2582.4282718782852 26866.100000000002 31688.600000000002 0.73245833333333332 18.500000000000004 7.8916666666666666 194.39285714285717 23686.500000000004 653.79166666666686 0.37022916666666666 27681.100000000002 31367.450000000004 8.4520833333333361 8.2979166666666675 11.238791676619686 347.50000000000006
decision_type=2 2 2 2 2 2 2 2 2 2 2 2 2 2 2 2 2 2 2 2 2 2 2 2 2 2 2 2 2 2
left_child=1 -1 -2 4 -3 7 -7 8 10 -10 12 -12 13 20 -15 16 17 18 -14 -9 21 22 23 -4 -18 -8 27 -20 -28 -19
right_child=2 3 5 -5 -6 6 25 19 9 -11 11 -13 15 14 -16 -17 24 29 26 -21 -22 -23 -24 -25 -26 -27 28 -29 -30 -31
leaf_value=-3.7348864269256596 -0.64802732054264323 -2.8427124189293904 0.68273167832967985 -1.7231307347615559 -2.1847427845001222 -0.58013924608627965 0.39361144063018622 0.40643323387541791 0.0043890357880994975 -0.48101154054914208 0.33583771350483099 0.0067981440711904458 0.23559010808008263 0.1015385646028221 0.46093114001410351 0.44615980776456693 0.142368875592947 0.36570036034498898 0.0081109213375302747 0.10382142571145542 0.12773251262090829 0.71495692396865174 -0.12064981176739648 0.060977261018200335 -0.34050617779582182 -0.14157124625146389 -0.51214985888112674 0.34951806633095994 -0.061962160268395218 -0.083659454360604291
leaf_weight=20 31 23 30 24 20 24 21 82 151 21 159 54 83 709 35 26 20 70 289 73 72 34 21 23 47 25 22 38 97 20
leaf_count=20 31 23 30 24 20 24 21 82 151 21 159 54 83 709 35 26 20 70 289 73 72 34 21 23 47 25 22 38 97 20
internal_value=0.00510521 -2.5877 0.104172 -2.24526 -2.53668 0.114554 -0.131383 0.122465 0.111617 -0.054875 0.127105 0.252419 0.110789 0.152575 0.118445 0.0565613 0.0417952 0.0675734 0.0338414 0.263913 0.293645 0.404253 0.261497 0.412914 -0.196364 0.102751 -0.00370378 0.0477851 -0.14519 0.265843
internal_weight=2364 87 2277 67 43 2246 70 2176 2021 172 1849 213 1636 924 744 712 686 619 529 155 180 108 74 53 67 46 446 327 119 90
internal_count=2364 87 2277 67 43 2246 70 2176 2021 172 1849 213 1636 924 744 712 686 619 529 155 180 108 74 53 67 46 446 327 119 90
is_linear=0
shrinkage=0.05


Tree=3
num_leaves=31
num_cat=0
split_feature=24 24 26 22 44 37 35 10 32 47 24 23 6 10 13 24 42 33 47 6 29 6 3 9 34 17 13 13 18 34
split_gain=219206 12338.1 5889.6 3758.78 1546.56 2655.1 1180.08 1013.47 1601.14 1738.02 2254.35 1843.63 1691.76 1700.01 1452.63 1371.07 1315.97 3244.21 3872.42 1333.4 1432.9 1251.66 1710.78 1235.35 1191.66 1165.92 1530.37 1201.54 1163.65 1127.84
threshold=160.10714285714286 115.5714285714286 147.50000000000003 123.00000000000001 32212.558928571434 2205.1473588228009 31367.450000000004 8.0187500000000025 22102.200000000004 32625.650000000005 185.82142857142858 201.50000000000003 0.23622916666666668 8.7062500000000025 17.500000000000004 194.03571428571431 27275.000000000004 31422.750000000004 35931.450000000004 0.26214583333333336 16.067606308185674 0.22629166666666664 0.72856250000000011 0.39197916666666666 28688.700000000001 201.50000000000003 12.500000000000002 14.500000000000002 173.50000000000003 32660.650000000005
decision_type=2 2 2 2 2 2 2 2 2 2 2 2 2 2 2 2 2 2 2 2 2 2 2 2 2 2 2 2 2 2
left_child=1 -1 -2 -3 7 -6 -7 16 12 10 -10 -11 13 -9 25 28 19 -18 -19 20 -4 -17 -23 -21 -16 27 -27 29 -12 -13
right_child=2 3 4 -5 5 6 -8 8 9 11 15 14 -14 -15 24 21 17 18 -20 23 -22 22 -24 -25 -26 26 -28 -29 -30 -31
leaf_value=-3.5481421184539799 -0.75528160333633432 -2.4702181816101074 0.14202325505804686 -1.7170896196365355 -0.55113228708505635 0.37393086353937788 -0.13449268054962157 0.19896494516959559 -0.48150706589221959 0.37357403574654691 -0.22617072622690881 0.1116289744929721 0.37680190593697305 -0.34346728712320329 0.24757053496936959 0.14711283365400826 -0.16334638675988311 -0.13833060334710515 0.56868506114515993 0.21687040864489973 -0.16673614562648098 -0.24383331167957056 0.24693697804496406 0.5936968157796757 -0.10446115092428264 0.56691892061914717 0.034736808524890382 0.40347312777130695 0.11246133323137959 -0.24447152901973046
leaf_weight=20 20 37 450 30 24 21 25 52 24 65 28 108 86 20 30 41 101 34 45 400 41 115 21 23 121 35 22 27 270 28
leaf_count=20 20 37 450 30 24 21 25 52 24 65 28 108 86 20 30 41 101 34 45 400 41 115 21 23 121 35 22 27 270 28
internal_value=0.00484995 -2.45832 0.0989631 -2.133 0.106533 -0.124813 0.0976137 0.113938 0.0798851 0.0550081 -0.00871326 0.127937 0.2271 0.0482893 0.0849008 0.0151753 0.147959 0.0243867 0.2644 0.172295 0.116241 -0.0950482 -0.168053 0.23736 -0.0345211 0.166868 0.361515 0.0988006 0.0806436 0.0383142
internal_weight=2364 87 2277 67 2257 70 46 2187 1093 935 499 436 158 72 371 475 1094 180 79 914 491 177 136 423 151 220 57 163 298 136
internal_count=2364 87 2277 67 2257 70 46 2187 1093 935 499 436 158 72 371 475 1094 180 79 914 491 177 136 423 151 220 57 163 298 136
is_linear=0
shrinkage=0.05


Tree=4
num_leaves=31
num_cat=0
split_feature=27 20 2 22 44 37 38 46 35 29 16 44 34 7 8 42 19 38 2 10 31 32 20 25 8 30 37 30 19 8
split_gain=197863 9625.37 9551.37 1586.02 1385.7 2396.23 1268.48 1746.57 1420.59 1574.92 1692.28 1569.87 1898.09 1567.19 1280.34 2661.22 1576.26 1318.44 1358.88 1120.76 1634.99 1839.81 1426.85 1377.45 1564.73 1335.84 1253.27 1433.27 2114.57 1388.37
threshold=174.50000000000003 170.21428571428575 0.77641666666666687 123.00000000000001 32212.558928571434 2205.1473588228009 29205.650000000005 27110.250000000004 31028.350000000002 16.067606308185674 192.50000000000003 31668.42142857143 31688.600000000002 0.18306249999999999 0.20631249999999998 28658.950000000001 197.50000000000003 29474.200000000001 0.89212500000000017 8.0270833333333353 229.50000000000003 22102.200000000004 199.6428571428572 16.496836040322552 0.21468749999999998 170.50000000000003 1656.8775151266652 163.50000000000003 205.50000000000003 0.17720833333333333
decision_type=2 2 2 2 2 2 2 2 2 2 2 2 2 2 2 2 2 2 2 2 2 2 2 2 2 2 2 2 2 2
left_child=2 -2 -1 -4 6 -6 7 8 9 11 -11 12 19 -10 16 -16 17 -8 -19 23 21 25 -23 26 -25 -21 29 -28 -29 -3
right_child=1 4 3 -5 5 -7 14 -9 13 10 -12 -13 -14 -15 15 -17 -18 18 -20 20 -22 22 -24 24 -26 -27 27 28 -30 -31
leaf_value=-3.2365117607116702 -1.0013062745332719 0.49558277459521038 -2.2915648460388183 -1.7538681348164875 -0.52357567747433975 0.092733037164029863 0.83037487059831627 -0.05553407638745253 0.31154966033913151 0.092466644052034017 -0.25444015799730552 0.52020646496473455 -0.19281573270519192 -0.00021373143212662806 -0.21040158020332456 0.43953316376677587 0.018121522975464665 0.57706378069188868 0.033296814933419232 0.13124296676128283 0.43843092034602987 0.035692045682724098 -0.28188048507037916 0.13204210167345795 0.71527278889780466 0.49433864120281107 0.19766258128145908 -0.075373434298671785 0.37877537151177726 0.17383916372531338
leaf_weight=25 20 38 32 24 24 46 20 172 159 78 64 23 52 54 36 28 24 27 20 109 29 511 38 23 23 33 141 176 30 285
leaf_count=25 20 38 32 24 24 46 20 172 159 78 64 23 52 54 36 28 24 27 20 109 29 511 38 23 23 33 141 176 30 285
internal_value=0.00460745 0.0907699 -2.4239 -2.06112 0.100421 -0.118573 0.107412 0.0969246 0.110978 0.0953172 -0.0638857 0.110279 0.103942 0.232511 0.2453 0.0739449 0.365814 0.490361 0.345674 0.114689 0.0706394 0.0552038 0.0137107 0.158984 0.423657 0.215624 0.140812 0.0748356 -0.00923526 0.211691
internal_weight=2364 2283 81 56 2263 70 2193 2038 1866 1653 142 1511 1488 213 155 64 91 67 47 1436 720 691 549 716 46 142 670 347 206 323
internal_count=2364 2283 81 56 2263 70 2193 2038 1866 1653 142 1511 1488 213 155 64 91 67 47 1436 720 691 549 716 46 142 670 347 206 323
is_linear=0
shrinkage=0.05


end of trees

feature_importances:
Column_10=10
Column_24=10
Column_4=7
Column_15=7
Column_29=6
Column_34=6
Column_35=6
Column_37=6
Column_19=5
Column_20=5
Column_38=5
Column_44=5
Column_46=5
Column_3=4
Column_6=4
Column_9=4
Column_22=4
Column_42=4
Column_2=3
Column_5=3
Column_8=3
Column_13=3
Column_17=3
Column_32=3
Column_1=2
Column_7=2
Column_21=2
Column_23=2
Column_25=2
Column_26=2
Column_28=2
Column_30=2
Column_33=2
Column_41=2
Column_47=2
Column_14=1
Column_16=1
Column_18=1
Column_27=1
Column_31=1
Column_36=1
Column_40=1

parameters:
[boosting: gbdt]
[objective: regression]
[metric: l1]
[tree_learner: serial]
[device_type: cpu]
[data_sample_strategy: bagging]
[data: ]
[valid: ]
[num_iterations: 500]
[learning_rate: 0.05]
[num_leaves: 31]
[num_threads: 0]
[seed: 42]
[deterministic: 0]
[force_col_wise: 0]
[force_row_wise: 0]
[histogram_pool_size: -1]
[max_depth: -1]
[min_data_in_leaf: 20]
[min_sum_hessian_in_leaf: 0.001]
[bagging_fraction: 0.8]
[pos_bagging_fraction: 1]
[neg_bagging_fraction: 1]
[bagging_freq: 5]
[bagging_seed: 400]
[bagging_by_query: 0]
[feature_fraction: 0.8]
[feature_fraction_bynode: 1]
[feature_fraction_seed: 30056]
[extra_trees: 0]
[extra_seed: 12879]
[early_stopping_round: 0]
[early_stopping_min_delta: 0]
[first_metric_only: 0]
[max_delta_step: 0]
[lambda_l1: 0]
[lambda_l2: 0]
[linear_lambda: 0]
[min_gain_to_split: 0]
[drop_rate: 0.1]
[max_drop: 50]
[skip_drop: 0.5]
[xgboost_dart_mode: 0]
[uniform_drop: 0]
[drop_seed: 17869]
[top_rate: 0.2]
[other_rate: 0.1]
[min_data_per_group: 100]
[max_cat_threshold: 32]
[cat_l2: 10]
[cat_smooth: 10]
[max_cat_to_onehot: 4]
[top_k: 20]
[monotone_constraints: ]
[monotone_constraints_method: basic]
[monotone_penalty: 0]
[feature_contri: ]
[forcedsplits_filename: ]
[refit_decay_rate: 0.9]
[cegb_tradeoff: 1]
[cegb_penalty_split: 0]
[cegb_penalty_feature_lazy: ]
[cegb_penalty_feature_coupled: ]
[path_smooth: 0]
[interaction_constraints: ]
[verbosity: -1]
[saved_feature_importance_type: 0]
[use_quantized_grad: 0]
[num_grad_quant_bins: 4]
[quant_train_renew_leaf: 0]
[stochastic_rounding: 1]
[linear_tree: 0]
[max_bin: 255]
[max_bin_by_feature: ]
[min_data_in_bin: 3]
[bin_construct_sample_cnt: 200000]
[data_random_seed: 175]
[is_enable_sparse: 1]
[enable_bundle: 1]
[use_missing: 1]
[zero_as_missing: 0]
[feature_pre_filter: 1]
[pre_partition: 0]
[two_round: 0]
[header: 0]
[label_column: ]
[weight_column: ]
[group_column: ]
[ignore_column: ]
[categorical_feature: ]
[forcedbins_filename: ]
[precise_float_parser: 0]
[parser_config_file: ]
[objective_seed: 16083]
[num_class: 1]
[is_unbalance: 0]
[scale_pos_weight: 1]
[sigmoid: 1]
[boost_from_average: 1]
[reg_sqrt: 0]
[alpha: 0.9]
[fair_c: 1]
[poisson_max_delta_step: 0.7]
[tweedie_variance_power: 1.5]
[lambdarank_truncation_level: 30]
[lambdarank_norm: 1]
[label_gain: ]
[lambdarank_position_bias_regularization: 0]
[eval_at: ]
[multi_error_top_k: 1]
[auc_mu_weights: ]
[num_machines: 1]
[local_listen_port: 12400]
[time_out: 120]
[machine_list_filename: ]
[machines: ]
[gpu_platform_id: -1]
[gpu_device_id: -1]
[gpu_use_dp: 0]
[num_gpu: 1]

end of parameters

pandas_categorical:null
